SdkRegistrants_1670918276857=com.gwtplugins.gwt.eclipse.sdkbundle.gwt27_2.7.0.201710131939,com.gwtplugins.gwt.eclipse.sdkbundle.gwt28_2.8.0.201710131939
eclipse.preferences.version=1
versionForLastForcedRebuild_MockCRM4=3.0.0.201710131939
versionForLastForcedRebuild_hello-app2=3.0.0.201710131939
